28 91,125 99,125 97,138 104,137
26 99,125 107,124 105,137 113,137
15 107,124 116,123 113,137 121,137
1 120,123 130,122 124,137 133,137
4 131,122 140,121 135,137 143,137
7 141,121 153,120 144,137 155,137
4 155,120 166,119 156,136 167,136
plate 88,119 171,109 98,141 171,140
21 36,250 43,249 38,263 45,263
33 44,249 52,248 46,263 54,263
14 52,248 60,248 54,263 62,262
6 64,247 73,247 66,262 75,262
9 74,247 83,246 76,262 84,262
6 84,246 95,245 85,262 96,262
4 96,245 107,244 97,262 107,262
plate 34,244 111,235 38,266 111,266
