33 19,171 24,170 13,181 18,181
22 24,170 30,169 19,181 25,180
12 30,169 36,168 25,180 31,180
8 39,167 46,166 34,180 42,179
3 47,166 55,164 43,179 51,179
5 56,164 66,162 53,179 64,178
0 68,162 79,160 65,178 78,178
plate 20,167 83,153 11,184 83,183
30 232,411 245,410 242,435 254,435
17 247,410 261,409 256,435 269,435
16 262,409 278,408 270,435 285,434
8 285,407 301,406 292,434 307,434
7 303,406 320,404 309,434 325,434
4 323,404 343,403 327,434 346,433
4 345,403 367,401 347,433 368,433
plate 227,401 373,386 243,441 373,441
