19 22,448 35,450 26,474 39,475
12 37,450 49,451 40,475 51,475
27 49,451 59,453 51,475 61,475
2 64,454 73,455 65,476 74,476
4 74,455 81,456 75,476 82,476
5 82,456 90,457 83,476 90,476
7 91,458 97,458 91,477 97,477
plate 19,434 99,450 26,481 99,482
18 305,92 328,95 299,148 324,149
25 331,95 352,98 326,149 349,150
23 354,99 374,101 351,150 371,151
2 382,102 399,105 380,151 398,152
9 401,105 417,107 400,152 416,152
9 419,108 434,110 418,152 433,153
4 435,110 449,112 435,153 449,154
plate 304,72 453,98 295,163 453,164
