24 286,300 298,297 268,328 281,327
11 299,297 313,294 282,327 296,326
23 315,294 330,291 297,326 314,325
6 338,290 359,286 322,324 344,323
9 360,285 383,281 346,323 371,322
3 386,280 414,275 374,321 405,320
2 417,275 450,268 408,320 447,317
plate 291,290 462,251 262,336 460,334
25 20,140 32,142 25,164 37,164
15 34,142 45,143 38,164 49,165
21 45,143 56,144 49,165 59,165
9 60,144 70,145 63,165 72,165
8 71,145 79,146 73,165 80,165
7 80,146 89,147 81,165 89,166
7 89,147 96,148 90,166 97,166
plate 16,129 99,139 26,170 99,170
