31 8,145 21,143 -8,174 3,173
11 22,142 36,140 4,173 19,172
33 38,140 54,137 21,172 38,171
1 62,135 82,131 46,171 68,170
9 84,131 107,127 70,170 95,168
7 110,126 137,121 98,168 129,166
1 140,121 173,115 132,166 170,164
plate 13,135 184,97 -15,183 182,181
13 80,50 92,51 76,78 88,78
29 93,51 104,52 89,78 102,78
31 105,53 115,53 103,78 113,79
4 120,54 129,55 118,79 128,79
3 130,55 140,56 129,79 139,79
2 141,56 149,56 140,79 148,79
7 150,57 158,57 149,79 158,80
plate 80,41 160,50 74,84 160,85
