10 7,410 17,408 -6,433 3,432
14 18,408 29,406 5,432 16,432
12 30,405 43,403 18,432 31,431
5 49,402 65,399 37,431 54,430
8 66,399 85,396 56,430 76,429
8 87,395 108,391 78,429 102,427
3 111,391 137,386 105,427 135,426
plate 10,402 145,373 -10,439 144,437
17 67,149 72,148 59,162 65,162
10 73,148 79,147 65,162 72,162
33 80,147 87,146 73,162 80,161
0 91,145 99,144 84,161 93,161
8 100,143 110,142 94,160 105,160
9 111,142 123,140 107,160 119,159
7 124,139 138,137 120,159 137,158
plate 69,145 141,130 56,166 140,164
