14 180,154 192,156 177,180 189,181
15 193,156 203,158 190,181 201,181
11 203,158 213,159 201,181 211,182
4 216,160 224,161 215,182 223,182
7 225,161 232,162 224,182 231,182
2 233,163 239,164 232,183 239,183
6 240,164 245,165 240,183 245,183
plate 180,143 247,157 174,188 247,188
15 23,155 34,157 17,180 29,181
18 35,157 45,158 30,181 41,181
11 45,158 53,160 41,181 51,182
8 57,160 65,162 55,182 63,182
5 66,162 72,163 64,182 71,183
7 73,163 79,164 71,183 78,183
5 80,164 85,165 79,183 85,183
plate 24,144 87,158 14,188 87,189
