27 336,242 345,241 338,258 347,258
27 346,241 354,241 348,257 356,257
32 354,241 363,241 356,257 365,257
5 367,241 377,240 369,257 378,257
8 378,240 386,240 379,257 387,257
0 387,240 397,240 388,257 398,257
8 398,240 408,239 399,257 408,257
plate 335,235 411,231 338,262 411,262
25 119,277 151,282 107,355 141,356
25 155,283 183,287 145,356 176,357
31 185,287 212,291 178,358 206,359
8 223,293 246,297 218,359 243,360
0 249,297 270,301 245,360 268,361
7 271,301 291,304 269,361 290,362
5 293,304 311,307 292,362 310,363
plate 120,248 315,287 99,378 315,379
