13 4,332 12,331 9,346 17,346
13 13,331 22,330 17,346 26,346
29 23,330 32,329 27,346 36,346
7 37,329 47,328 40,346 50,345
9 48,327 61,326 51,345 63,345
2 62,326 75,325 64,345 76,345
5 76,325 92,323 78,345 93,344
plate 1,326 95,314 10,349 96,349
24 151,141 172,140 157,180 178,180
30 174,140 195,139 179,180 200,180
25 197,139 219,137 202,180 223,179
5 230,137 253,136 234,179 256,179
4 255,136 280,134 258,179 282,179
1 282,134 307,133 285,179 309,178
0 311,133 337,132 312,178 337,178
plate 147,124 344,111 157,191 344,190
