13 5,487 15,488 7,508 17,508
19 17,488 27,488 19,508 28,508
12 27,488 37,489 28,508 38,508
4 41,489 50,489 42,508 51,508
4 51,489 59,490 52,508 60,508
6 60,490 69,490 61,508 69,508
1 70,490 77,490 70,508 77,509
plate 3,478 80,482 7,513 80,513
26 200,113 217,115 189,157 208,158
25 219,115 236,118 210,158 229,159
26 237,118 252,120 230,159 247,159
8 258,121 271,123 254,159 268,160
5 273,123 285,125 270,160 282,161
9 286,125 298,126 284,161 297,161
2 299,127 310,128 298,161 309,162
plate 201,97 312,116 183,171 312,172
