27 240,212 249,211 247,229 256,228
19 249,211 260,211 256,228 266,228
14 261,211 271,210 267,228 276,228
3 276,210 287,209 281,228 291,228
2 288,209 301,208 292,228 304,228
3 302,208 315,207 305,228 317,228
6 316,207 331,206 318,228 332,227
plate 236,205 334,197 248,232 334,232
10 17,307 22,306 13,319 19,318
19 23,306 30,305 19,318 26,318
28 30,305 37,303 27,318 34,318
3 41,303 50,301 38,318 47,317
8 51,301 62,299 48,317 59,317
8 63,299 75,297 61,317 74,316
2 77,297 93,294 75,316 93,315
plate 18,303 97,286 12,321 96,320
