21 83,364 92,363 88,383 97,383
16 93,363 104,363 98,383 109,382
29 105,363 116,362 110,382 119,382
1 121,362 132,362 124,382 134,382
5 133,362 145,361 136,382 147,382
8 146,361 158,361 148,382 159,382
7 159,361 172,360 160,382 173,382
plate 80,356 175,351 89,387 175,386
26 13,170 28,172 8,204 24,205
32 29,172 42,174 25,205 39,206
13 44,174 56,176 41,206 54,206
6 61,177 72,178 59,206 70,207
8 73,178 83,180 71,207 82,207
9 84,180 94,181 83,207 93,208
5 94,181 103,183 94,208 103,208
plate 14,157 105,173 5,215 105,215
