26 39,240 47,240 32,259 40,259
17 48,240 56,239 41,259 50,259
28 57,239 65,239 51,259 60,259
6 70,238 78,238 65,258 74,258
4 79,238 89,237 75,258 86,258
3 90,237 100,237 88,258 98,258
4 101,236 112,236 99,258 112,258
plate 41,234 114,229 29,264 114,263
19 53,390 62,390 47,410 56,410
30 62,390 72,389 57,410 67,410
26 74,389 84,388 69,410 79,410
7 88,388 99,387 84,409 96,409
4 100,387 112,386 97,409 109,409
5 114,386 126,385 111,409 125,409
5 127,384 140,383 126,409 140,408
plate 54,383 144,374 44,416 144,416
