21 399,24 415,26 402,58 418,59
18 416,26 431,28 419,59 433,59
18 433,28 447,30 435,59 449,59
0 452,30 464,32 454,60 466,60
0 465,32 477,33 466,60 478,60
7 479,33 489,34 479,60 489,61
5 490,35 500,36 490,61 500,61
plate 396,10 502,26 402,67 502,68
25 5,439 13,438 12,452 19,452
20 14,438 22,438 20,452 27,451
12 22,438 31,437 27,451 35,451
3 35,437 45,436 39,451 48,451
2 46,436 55,435 49,451 58,451
6 57,435 68,434 59,451 70,451
6 69,434 81,433 71,451 81,450
plate 1,433 85,424 12,455 85,455
