33 89,112 102,113 94,139 105,139
19 103,113 116,114 106,139 119,139
16 117,114 128,115 120,139 131,139
3 134,115 144,116 136,139 146,139
7 145,116 156,116 147,139 157,140
6 157,116 167,117 158,140 168,140
4 168,117 178,118 168,140 178,140
plate 86,102 180,109 93,144 180,145
15 11,186 19,186 14,203 22,203
29 20,186 29,185 23,203 32,203
32 30,185 40,184 33,203 42,203
8 45,184 55,183 47,202 57,202
1 56,183 68,182 58,202 70,202
2 70,182 82,181 71,202 83,202
6 83,181 97,180 84,202 97,202
plate 8,180 100,171 14,207 100,206
