24 184,424 219,428 199,495 231,496
18 222,428 254,432 233,496 263,496
26 257,432 286,436 266,497 292,497
7 298,437 324,440 304,498 329,498
2 326,441 350,443 331,498 352,499
1 352,444 374,446 355,499 375,500
6 376,446 396,449 377,500 396,500
plate 173,392 401,428 198,513 401,514
16 23,459 32,459 19,479 29,479
26 33,459 42,460 30,479 40,479
10 42,460 51,460 40,479 49,479
9 55,460 63,461 53,479 62,480
2 64,461 71,461 63,480 70,480
7 72,461 80,461 71,480 79,480
2 81,461 88,462 80,480 87,480
plate 23,450 90,454 17,485 90,485
