31 20,264 28,264 18,281 26,281
30 29,264 37,264 27,281 35,280
22 37,264 45,263 35,280 44,280
4 49,263 58,263 48,280 56,280
1 59,263 66,263 57,280 66,280
0 67,263 77,262 67,280 76,280
7 78,262 86,262 77,280 86,280
plate 21,258 89,254 16,285 89,285
24 49,127 62,126 44,154 57,153
16 63,125 78,123 58,153 73,153
28 79,123 95,121 75,153 91,152
8 103,120 122,117 99,152 119,151
3 124,117 146,114 121,151 143,150
9 148,114 173,110 145,150 171,149
3 176,110 205,106 174,149 205,148
plate 49,117 213,89 41,162 213,160
