33 29,406 52,405 45,448 67,448
24 54,405 79,403 68,448 92,448
21 81,403 106,402 94,448 117,448
8 117,402 145,401 128,447 153,447
3 147,400 175,399 155,447 181,447
5 178,399 207,398 184,447 211,447
0 209,398 240,396 213,447 241,446
plate 19,387 248,374 46,459 249,459
14 25,143 33,142 18,163 27,163
16 35,142 44,141 29,163 38,162
19 46,140 57,139 40,162 51,162
0 62,139 74,137 57,162 70,161
8 75,137 89,135 71,161 86,161
5 90,135 106,133 87,161 103,160
2 108,133 124,131 106,160 123,160
plate 26,136 129,121 15,169 129,168
