22 13,394 25,395 9,422 21,423
29 26,395 38,397 22,423 35,423
12 39,397 49,398 36,423 47,424
0 54,398 63,399 52,424 61,424
2 64,399 73,400 62,424 72,424
7 74,401 82,401 73,424 81,425
0 82,402 91,402 82,425 91,425
plate 13,384 92,395 6,429 92,430
28 220,137 227,136 217,153 225,153
27 228,136 237,135 225,153 234,153
27 238,135 248,134 235,153 245,152
6 252,133 263,132 250,152 261,152
9 264,131 276,130 262,152 275,151
9 278,130 293,128 277,151 292,151
1 294,128 310,126 293,151 310,150
plate 220,131 314,116 215,158 314,157
