31 3,397 16,398 0,425 13,425
24 17,398 29,398 14,425 26,425
24 31,398 42,399 28,425 41,425
8 47,399 59,399 46,425 57,425
2 60,399 71,400 58,425 70,425
4 73,400 83,400 72,425 83,425
0 84,400 95,400 84,425 95,426
plate 3,387 98,391 -1,433 98,433
18 304,183 313,182 311,201 320,201
14 315,182 325,181 322,201 332,201
25 327,181 339,179 333,201 345,201
8 345,179 360,177 351,200 365,200
7 361,177 377,175 366,200 381,200
4 378,175 397,173 382,200 399,199
1 400,173 419,171 402,199 420,199
plate 299,176 426,158 312,206 426,205
