11 116,155 145,161 99,230 132,231
22 148,161 175,166 135,231 165,233
14 177,167 200,171 167,233 193,234
5 210,173 231,177 204,235 226,236
2 233,177 251,180 228,236 248,237
4 253,181 270,184 250,237 268,238
6 271,184 286,187 270,238 286,239
plate 118,129 291,169 90,253 291,254
19 23,337 30,336 20,352 27,352
26 31,336 39,335 27,352 36,352
32 40,335 48,334 36,352 45,352
5 52,334 61,333 49,351 59,351
5 62,333 73,331 60,351 71,351
0 74,331 86,330 73,351 84,350
1 87,330 101,328 86,350 100,350
plate 24,332 104,321 18,356 103,355
