23 20,328 50,331 6,400 38,401
20 53,332 81,335 42,401 71,402
11 83,335 108,338 73,402 101,403
2 119,339 142,342 113,403 138,404
8 145,342 166,345 140,404 163,404
9 168,345 188,348 165,405 186,405
5 190,348 209,350 189,405 209,406
plate 22,301 214,330 -2,421 214,422
10 11,201 22,199 3,224 13,223
25 23,199 34,197 14,223 26,223
18 36,197 49,194 28,223 41,222
6 55,193 72,191 48,222 65,221
0 73,190 93,187 67,221 87,220
8 95,187 117,183 89,220 113,219
1 120,182 148,178 116,219 146,217
plate 13,193 156,163 0,230 155,228
