26 310,179 322,176 301,204 313,203
12 323,176 337,174 315,203 329,203
15 338,174 354,171 330,202 346,202
7 362,169 381,166 354,201 374,200
8 383,166 406,162 376,200 400,199
8 409,161 435,157 403,199 431,198
2 439,156 473,150 435,197 471,196
plate 312,169 483,132 298,211 482,210
11 18,397 31,399 23,423 35,424
19 33,399 45,400 37,424 48,424
10 45,400 56,402 48,424 58,424
2 60,403 70,404 62,424 71,425
7 71,404 78,405 72,425 79,425
8 79,405 87,406 80,425 87,425
8 88,406 94,407 88,425 94,425
plate 14,384 96,399 23,430 96,430
